59.333333333333336
43.333333333333336
76.0
65.0
39.0
62.0
36.0
82.66666666666667
60.666666666666664
58.666666666666664
88.33333333333333
62.333333333333336
42.666666666666664
59.333333333333336
35.333333333333336
71.0
68.33333333333333
60.333333333333336
83.0
47.0
60.666666666666664
76.33333333333333
68.0
46.666666666666664
48.666666666666664
58.333333333333336
72.33333333333333
38.333333333333336
51.333333333333336
79.66666666666667
57.666666666666664
63.333333333333336
65.0
64.0
64.33333333333333
37.0
53.0
70.66666666666667
70.66666666666667
67.66666666666667
75.0
55.333333333333336
71.33333333333333
52.666666666666664
55.333333333333336
52.0
55.0
42.333333333333336
63.333333333333336
56.333333333333336
51.0
61.0
68.0
79.66666666666667
63.0
74.66666666666667
70.0
87.33333333333333
83.66666666666667
56.666666666666664
84.66666666666667
49.0
77.0
42.333333333333336
54.666666666666664
57.0
55.333333333333336
66.33333333333333
51.0
58.666666666666664
69.0
57.666666666666664
43.333333333333336
51.333333333333336
61.0
40.333333333333336
71.66666666666667
51.333333333333336
35.0
68.0
69.0
50.0
80.0
40.0
39.0
69.66666666666667
51.666666666666664
47.666666666666664
55.333333333333336
76.33333333333333
84.66666666666667
59.333333333333336
46.666666666666664
57.666666666666664
80.66666666666667
72.66666666666667
78.0
63.0
68.0
66.66666666666667
72.33333333333333
91.33333333333333
90.0
83.33333333333333
64.0
52.666666666666664
67.33333333333333
66.33333333333333
75.0
59.666666666666664
53.666666666666664
62.333333333333336
78.33333333333333
44.0
52.333333333333336
53.0
70.66666666666667
46.666666666666664
45.666666666666664
69.33333333333333
51.0
68.33333333333333
56.333333333333336
54.0
47.333333333333336
81.0
55.666666666666664
76.66666666666667
67.33333333333333
43.333333333333336
59.0
68.66666666666667
56.333333333333336
55.333333333333336
93.66666666666667
46.666666666666664
90.33333333333333
61.941605839416056 59.34306569343066 63.91240875912409